1784
3444
1801
3664
1143
2790
2111
4028
4217
2738
1558
3383
1860
3651
3725
2504
1185
4417
1655
2649
4861
4787
2167
1107
1450
242
3438
1948
1891
2007
4254
3983
2140
255
3818
505
4998
1530
2403
1236
1373
4955
3702
359
4266
3566
647
3707
4780
74
3235
1904
2009
4955
4533
1506
2990
2123
3936
2073
3534
4237
28
3325
579
4845
1216
2896
1135
3529
4693
3808
3349
1915
4379
1272
3746
1936
1310
818
355
1414
4943
3999
330
1638
557
3674
4506
527
3428
101
1898
1579
783
4297
1262
3688
1299
4377
4240
4138
2561
2663
2388
4601
870
2967
3245
3491
241
2716
4201
3021
1473
835
1951
3608
3988
4692
4724
145
3836
2522
4468
1824
1204
4636
1439
1156
3451
4101
802
1605
2432
1462
56
2225
2864
3359
732
231
2841
2507
2829
2466
618
73
1844
3777
867
4073
2568
1084
2678
4216
2123
2908
2555
789
2222
375
4657
692
2913
3865
2985
4864
2270
358
314
1745
3661
1525
3039
691
3210
4575
974
4399
2481
2777
3603
3490
4212
2920
3756
1433
920
4661
3545
668
3123
502
4034
4490
293
2735
1706
2444
54
840
3690
2264
3628
1782
4978
2052
4292
527
2370
1661
2980
94
843
1997
3693
1211
161
2283
2739
2220
2271
3664
582
1451
2941
639
3582
1189
129
4204
2917
1800
1032
384
4420
1959
1866
192
4786
1506
3118
1866
302
4437
4100
1906
3895
613
686
1902
2669
579
4774
3661
1849
680
715
125
4250
2410
435
702
1935
514
2338
3741
76
3159
3851
55
2535
432
2560
2404
1599
3610
1325
4701
3696
1198
1062
1602
4616
3078
2781
3840
4792
654
106
1712
519
2926
489
3245
2776
1923
1459
3379
2632
1328
3844
2326
301
4106
493
1265
1646
1526
1647
1690
2306
3075
4048
2642
1840
4645
4658
1965
4972
571
195
2713
879
2427
2346
4338
4845
4824
3397
794
3532
4172
4189
4856
4943
4239
2799
3208
1314
3332
3331
3637
1658
610
2039
675
4035
2049
4067
728
2284
4317
1445
4247
1469
1515
4642
2114
4497
3999
4890
596
1000
623
3141
3449
4080
919
1882
3807
3955
1299
4426
3721
4968
836
1879
3794
1019
4715
1943
4096
2705
3224
2971
2838
906
4692
3469
2571
3873
673
2259
3498
4534
2122
2368
2238
1162
2199
4021
4585
4697
1500
2842
3758
63
3321
1088
1096
1214
1635
547
61
4776
61
1883
1694
2792
420
3021
483
3210
2848
1254
209
4209
1960
2767
822
2475
2459
4099
4689
4401
4472
4758
1784
1304
1043
1743
1464
1086
617
4090
1767
1772
4415
1532
1129
3963
1151
1763
2114
3452
4374
960
3053
224
1920
3301
2559
249
1067
2671
2438
966
1065
2303
2540
2302
2681
3495
324
3277
2650
594
3167
1369
2898
4160
3135
1822
4220
1010
1394
3414
3467
3867
2160
4517
448
2153
920
31
827
4683
670
82
3715
1117
83
4452
4544
2859
795
1898
1929
3023
2447
1053
1231
1468
817
555
3826
951
3485
4782
3143
130
918
654
4005
4375
2610
3896
626
317
3717
542
3267
684
4176
2791
2567
4968
3020
2075
1242
4800
3736
3738
3718
2921
2849
622
217
4154
4907
4280
4933
2149
2174
1727
3536
3282
4229
1086
1658
1801
4022
3837
7
2838
445
3509
4486
3894
822
3989
1013
3058
1651
2821
1511
4156
1001
2604
2894
2921
10
4724
3383
2265
2403
1009
1057
1797
4413
1312
3602
2958
670
1395
4834
327
4988
2811
4817
4105
2816
4821
1197
3058
182
1881
2553
1755
1390
305
605
1047
872
804
3419
3448
1383
4894
2618
3166
2564
4658
3948
1549
922
4073
855
1446
2383
269
1108
480
4689
4511
4129
3432
4261
1747
818
1286
1201
1237
2909
4350
3490
4893
4442
1327
1912
4696
1258
4306
2027
4099
1734
4864
1417
4782
4508
2518
1235
1431
2868
653
2883
4835
2797
894
1320
4474
3740
3585
2995
4263
2101
4491
3113
1610
4141
1792
3224
2096
2307
3286
587
3910
3563
1081
435
1071
3663
3697
1612
428
4723
3017
4195
1755
2837
4998
4558
2570
1409
3395
4734
2040
3727
3427
1186
3898
3543
1605
1363
4039
3510
1521
3570
924
2706
3447
2542
1135
4516
257
3577
3077
741
1011
2375
4202
844
1087
797
357
192
634
4917
4754
3791
3099
2099
4824
843
4244
363
3114
2442
3490
566
2130
3220
4311
727
4256
1529
2899
193
1901
1548
4142
4150
4490
4714
3903
2461
1061
3443
300
1627
776
702
4498
3597
1303
2030
2252
1160
4472
946
3476
4796
4999
4998
1565
3051
2342
2546
399
2216
2318
467
2827
4866
4027
561
4094
4986
4388
3496
4519
2384
2039
2929
3193
3334
4836
1860
3973
2768
555
2403
2913
1134
1914
4493
1361
1106
4362
2272
1237
3245
3971
4651
437
4090
1590
4957
3366
909
2215
4597
1622
2807
1718
1521
2891
2942
3579
3993
4272
3222
4107
2546
46
2021
2241
3969
3415
3076
456
4862
4914
761
4298
1017
3218
4367
3997
3545
843
112
1399
4785
759
1018
1307
4838
4852
2265
4406
1838
3103
2450
3193
1895
268
1168
724
1806
3152
1344
2841
2356
3206
820
2418
2652
4279
3543
1948
4727
1486
3130
2325
2163
776
3560
2854
2829
4378
4878
700
2322
2372
1794
4418
2990
3456
4590
2200
2679
3256
4832
2972
3877
184
1230
3294
2750
2745
1394
2172
1923
829
3754
3441
687
3228
1802
1521
3966
2318
4551
4626
4759
205
2914
4233
1476
4235
3267
1529
3100
1517
2900
4395
871
3627
880
2731
1434
2837
3202
2556
389
2656
2406
2013
1838
3848
4394
4119
3457
1546
3880
3643
651
4944
3139
2836
766
1987
3790
406
4468
1143
1603
4446
1362
889
4392
4910
3906
3580
2374
4894
2145
2473
2235
2799
3091
578
3039
2257
4052
3280
2528
